dx = 0.01;
dt = 0.4 * dx^2;
